1 20200110 11
1 20200111 22
1 20200112 77
1 20200113 55
1 20200110 4
1 20200111 66
1 20200112 85
1 20200113 11
1 20200110 42
1 20200111 52
1 20200110 11
1 20200111 22
1 20200112 77
2 20200201 66
2 20200210 77
2 20200211 88
2 20200414 99
2 20200201 12
2 20200210 4
2 20200211 88
2 20200414 99
2 20200201 66
2 20200210 77
2 20200211 88
2 20200414 99
3 20200110 1
3 20200116 2
3 20200110 1
3 20200116 2
3 20200110 1
3 20200116 2
4 20200217 3
4 20200310 4
4 20200405 5
4 20200710 6
4 20200217 3
4 20200310 27
4 20200217 3
4 20200310 4
4 20200405 5
5 20200110 7
5 20200211 17
5 20200215 12
5 20200416 13
5 20200722 29
5 20200801 16
5 20201110 18
5 20200211 66
5 20200215 77
5 20200416 88
5 20200722 22
5 20200801 32
5 20201110 61
5 20200215 12
5 20200416 13
5 20200722 29
5 20200801 16
5 20201110 18
